$ANSIBLE_VAULT;1.1;AES256
38616262376230373538366436343663393030316666356431323566633134656363376435643033
6564343836643261333331313461373161333738313863660a386431356365333439316435653037
30323433343133643135376433303031323437613330393433386662636537366639346365663332
3734663835383664610a653564656361346138336165623662323331346535313833643439336261
63313133306366386164366538666438343136353539343638353537386562313962613832303564
34333034346264393665646237343161653466383739323966626137376431353532323235636133
66386336303833643562623064326534363132303161316264613832623534373866353562613931
35343532663934323935663261653163653963313462663365393330306232343938646661316337
31353230356330623030633438393235343833333963393030643736623631633662366461633339
35643635333762656263616538346361613134376434376461323439366366326638346239303736
31626365336438323630383838346535363934333734653062623964356638616630616462616133
35336666393532666161363332613337346133383762343664643136643166653434383864666266
33653235373065633936626265616465306434346633613262633234613437633432656461363965
62626331643333643236346234346663353138646532653035633661636161313139313036343236
63323436323764633137393264663935626136323963336632313834383732643037386336323766
30613234636437373633363533316134303462336236333536643963623037336430353134363362
66623538323630356437653734643165626662623465373831326233396531646236333737303264
37623065643430663461303666666535333831646532376162356338616335653737326235333366
31336232653539346232313731633061343764323439333930663538636665326639346330323266
39386631633533633364633434323832643461646230666234656364323035643762613938396661
64376663373836313761613861373065643330663066613037336662343965613763646231376139
33323731346533386436313537353130636362386234343962353263396461643035323438303330
34303464303431313039373565613233376534366430613966383039333639313939376235313938
30313039306663396537306266333134323632653139666339356530656239373336353963373936
6236
